-209374.890625000
-24456.501953125
-163176.156250000
3175.543945312
108394.664062500
-95716.937500000
-56193.949218750
-56509.562500000
-82340.398437500
137140.125000000
-32142.242187500
28487.732421875
9481.767578125
-113292.242187500
-62263.230468750
85812.617187500
-8632.265625000
82209.179687500
47363.808593750
69601.593750000
-149024.000000000
119298.742187500
-16962.152343750
-76928.546875000
-38550.289062500
-172597.109375000
-145178.812500000
100025.914062500
-41995.843750000
-164932.218750000
83662.390625000
356677.718750000
-167395.390625000
214015.906250000
-53321.972656250
-79824.742187500
-47527.738281250
304346.500000000
-65524.281250000
-266755.031250000
-491.944458008
17702.167968750
-96041.789062500
68276.570312500
45817.867187500
-33395.449218750
111093.093750000
16990.046875000
-55774.363281250
-103730.210937500
-13840.958984375
141764.562500000
37079.492187500
-6707.328613281
-45663.156250000
100646.000000000
-27420.181640625
-3075.235351562
71984.984375000
14278.104492188
-12950.242187500
14352.896484375
-36865.250000000
1082.579101562
-49673.578125000
-5141.487792969
83657.976562500
-59413.972656250
8443.482421875
52197.382812500
6374.049804688
-25290.933593750
-97557.210937500
-115042.835937500
-314208.156250000
-220969.984375000
77812.179687500
-12304.746093750
-1514.543212891
-10270.457031250
-380.248352051
-75787.875000000
-29333.160156250
-1665.682617188
-35073.078125000
-32029.593750000
-132488.328125000
52272.648437500
5595.477539062
47079.566406250
-35216.437500000
28396.554687500
29738.335937500
-55385.656250000
29164.609375000
3263.211914062
12481.458984375
-7704.206542969
-28790.212890625
-47228.726562500
-6428.397460938
182235.562500000
49509.253906250
-31679.414062500
17648.982421875
28465.792968750
-77552.585937500
-23685.023437500
-55496.734375000
-73553.445312500
-58216.214843750
-155303.109375000
27578.958984375
18440.132812500
67680.687500000
59599.421875000
45255.824218750
9976.920898438
-7792.503906250
3599.821289062
-20665.259765625
-3381.855468750
-34829.507812500
21582.478515625
-113263.742187500
-106460.648437500
23269.097656250
5050.963378906
-59774.292968750
-1704.439453125
-24692.097656250
-146734.250000000
57989.703125000
32935.660156250
98.574287415
45578.761718750
16416.701171875
-68306.945312500
53652.074218750
5850.914550781
15496.427734375
-41880.742187500
39482.929687500
4493.745605469
-651.140747070
27617.933593750
-2781.110107422
-10974.473632812
83713.164062500
27620.185546875
39313.933593750
22866.089843750
36101.800781250
-4157.487792969
32611.660156250
-33763.371093750
-141605.921875000
33139.078125000
-25485.169921875
190178.109375000
-36249.269531250
32789.570312500
265687.000000000
42760.093750000
-4044.183105469
-29726.429687500
1155.591552734
-28000.328125000
12416.249023438
-12354.791992188
-2036.107788086
21216.824218750
15120.181640625
-8504.741210938
-59843.316406250
-33187.648437500
-9851.104492188
12233.550781250
-71017.789062500
36195.128906250
2074.968994141
115279.359375000
-15929.756835938
-40215.945312500
-9847.383789062
-34025.769531250
94744.703125000
25093.439453125
-4137.673339844
-52843.660156250
-22477.476562500
-38793.085937500
-28849.669921875
23073.044921875
-18979.052734375
-47390.070312500
-13258.415039062
-19068.732421875
35543.816406250
-2931.257324219
-4313.655273438
28973.541015625
1299.659301758
-26766.867187500
7647.054687500
24422.835937500
-13676.288085938
-11772.283203125
10673.604492188
-3215.947021484
20204.585937500
-6045.056640625
35545.054687500
36061.058593750
-2961.710205078
-25745.587890625
10128.646484375
-55852.191406250
-12669.856445312
56421.812500000
26424.423828125
37136.492187500
-12156.416015625
858.395019531
-12717.199218750
21819.117187500
9290.064453125
-29145.064453125
-19904.101562500
21903.785156250
-4450.869628906
9663.958007812
21381.935546875
-18444.751953125
1095.348876953
-32835.843750000
-3884.174804688
2049.172851562
-3084.867431641
9881.259765625
6919.099121094
-2779.806152344
-91343.632812500
14847.126953125
-18685.285156250
19890.533203125
47403.562500000
-20823.273437500
-11567.806640625
68.278984070
16734.037109375
-16093.114257812
15545.714843750
-4659.906250000
-15700.275390625
-2088.043945312
-10945.859375000
10724.691406250
3730.955078125
853.411437988
-15589.114257812
13939.038085938
10064.217773438
21208.273437500
17711.042968750
8275.375000000
-29482.179687500
-23058.191406250
-15621.509765625
30114.857421875
-37719.324218750
-26213.226562500
-23364.052734375
25467.810546875
-14274.271484375
16126.017578125
-14776.050781250
-8399.654296875
23238.070312500
-14144.055664062
24045.919921875
101.953071594
1591.476684570
-22814.843750000
-21545.457031250
-4619.048339844
-45997.683593750
-18470.451171875
-8222.558593750
-6296.026367188
40253.617187500
7492.327148438
6291.567382812
-24782.320312500
-41925.980468750
-29584.048828125
-13370.245117188
-20466.068359375
-18008.636718750
9.893435478
-16530.328125000
-4769.292480469
3113.248046875
9037.044921875
4268.242187500
-2257.716552734
24438.937500000
-70810.945312500
9351.047851562
27035.324218750
-7222.447753906
-8822.377929688
12065.955078125
42989.273437500
-1284.435668945
36645.875000000
2062.688476562
-93538.453125000
